74.3391
1.80985
4.25346
7.74281
0.487574
1.50405
4.05571
1.92757
1.76544
1.734
3.62666
0.596117
2.95265
4.43121
2.38386
7.03502
6.77667
4.54634
4.66415
3.90264
1.9975
0.879611
1.39032
0.984095
3.46994
10.6301
0.176184
1.61335
3.74255
2.44445
1.03575
1.74741
0.677079
4.39008
1.76637
3.26994
1.0027
0.662153
0.211363
0.684512
4.07695
0.308985
2.29082
0.576725
1.03683
2.68243
7.15379
2.81343
4.88898
10.2239
3.91899
2.97723
2.10638
1.32046
0.805045
1.36805
3.43257
7.66522
1.38836
1.90159
0.274367
6.38038
6.20179
2.20105
2.13633
6.58676
1.82588
2.99005
3.24789
10.1122
3.17417
5.62453
2.20578
1.31132
0.349957
2.22281
1.81082
2.56078
0.920837
1.06014
4.10258
5.72568
1.01629
2.16941
1.48865
4.49888
0.128704
3.53045
0.213918
0.464292
2.84532
1.98782
1.76568
4.67354
1.47172
1.3567
7.13045
3.42
2.37514
3.08481
2.15609
4.96795
1.0006
2.14214
0.944976
2.39049
1.8537
3.08564
0.93639
1.15443
3.55646
3.7641
2.73354
2.66915
1.54566
1.52457
0.50832
2.52141
1.82747
2.73688
5.51961
5.39851
1.76838
3.98591
3.36943
2.12819
0.304125
2.09472
1.28143
4.08745
0.682149
0.231496
3.90635
0.435542
1.16011
5.26875
5.8613
3.78593
5.32955
2.87032
3.9046
3.01213
1.03252
0.300922
4.48335
0.451519
0.408378
2.49974
3.86467
0.31301
6.11711
0.918895
7.02922
1.00674
1.83286
1.24487
1.76678
1.75242
2.71248
1.62496
2.76513
3.54819
2.9879
0.283966
4.57173
2.08211
2.28292
5.13198
7.95986
1.69104
0.667973
1.70202
3.94314
1.09535
4.90742
1.54522
2.4582
1.92079
6.51054
2.01273
0.890262
3.39015
1.8755
0.934913
1.94743
3.46814
0.301755
1.84936
1.32853
6.29066
0.177913
11.2352
3.4736
0.396596
1.49914
1.07978
2.01633
1.6596
5.17865
2.24251
2.74998
1.80127
7.00108
8.28175
0.282121
0.688595
3.01072
2.12834
1.14246
0.610309
8.97059
2.31396
0.910721
3.15982
4.80695
1.76846
5.52804
1.58317
2.60199
5.72292
1.60598
6.15492
4.52453
1.66948
1.23126
4.48571
1.70019
5.90079
2.85291
0.443473
0.0603618
0.528349
0.267902
7.74048
6.59871
0.576522
2.00289
0.217765
1.31634
0.52721
2.65481
9.76736
0.191298
6.71446
4.01413
2.648
6.47495
1.42626
1.97577
