0.185426
0.205831
0.164293
0.00384438
1.08177
2.24953
0.336811
12.3943
2.63109
1.67156
3.93176
0.245144
3.12766
0.484471
0.433143
0.823345
0.670996
3.15229
1.13801
1.37952
2.02675
0.35598
0.767492
3.21381
2.39973
0.872894
0.487625
2.34699
0.967166
0.541734
0.282737
0.302648
0.474059
0.418638
0.243084
2.10914
0.796855
0.440898
2.32504
4.13099
1.10715
1.36833
3.95801
4.17168
2.9761
0.742109
0.87665
2.01175
0.00348785
4.9554
1.07223
1.95829
1.02133
1.34021
0.344038
1.13367
2.23525
3.74905
0.0176767
0.69218
0.138445
1.84435
3.80808
0.904257
1.10431
0.485266
0.325795
2.74109
0.861252
0.767336
1.33094
1.81341
0.610311
0.737449
1.73128
0.15564
1.93817
0.158403
1.84701
0.687305
0.549713
3.4486
1.67598
1.04408
2.19755
2.78312
0.12139
3.3958
0.627707
0.280098
0.710714
1.44202
1.91845
0.756778
1.12103
2.0129
2.70178
1.1656
6.1377
0.07801
0.512676
2.26192
1.67011
0.788117
2.30548
0.57607
0.802967
3.74456
1.43551
3.38515
0.36112
0.532519
3.98374
1.98105
0.811095
1.96537
0.842869
4.07384
0.123805
0.869453
0.650787
0.309815
2.58748
0.390424
1.69547
0.581583
2.12392
2.4826
0.70708
0.0113617
1.32797
0.638706
1.54548
5.01832
4.00032
1.56021
1.63574
2.61858
1.5322
1.03038
0.553064
0.408352
2.66576
1.36435
4.68919
0.540444
1.25849
0.295575
1.73633
0.134294
4.72321
0.556953
0.62527
3.60982
3.50975
3.20248
3.00719
0.606403
1.72428
4.04722
1.72612
1.10494
0.795305
1.83938
5.45749
2.17827
0.470595
1.42966
0.510889
0.172877
2.3586
0.267923
3.00797
1.24173
14.8862
0.723902
1.29672
1.74508
0.20776
1.23358
5.85837
2.22751
0.66061
2.13195
3.16548
5.30753
2.7349
0.368924
0.612412
0.56949
0.538479
2.00345
4.33665
1.38452
5.88021
1.23723
1.11611
0.0400785
0.549099
2.61454
1.69842
3.00773
0.0798587
0.383561
0.836404
0.10087
1.49892
0.24534
3.79777
2.02396
0.433275
0.918418
1.22126
0.0474515
0.0965837
4.25246
1.01371
0.293772
2.11426
0.0693248
4.55602
3.0295
1.32291
0.598184
0.701846
6.02062
0.726902
3.32469
1.11702
1.32835
1.22156
0.752968
1.83669
0.250306
2.16387
7.81642
0.612093
3.87969
2.06785
1.98283
0.86485
2.72926
1.01639
1.99806
0.653992
0.962762
5.45849
5.10344
0.56928
